0 3.3707286769194647 -2.092013168894541 0.50101238489151 2.8618994 1.198852 1.0225521 0.001148942756478987 "sofa"
1758002944.624	refrigerator	362.6	282.9	5.298224458520796
1758002945.689	refrigerator	362.6	282.9	5.298224458520796
1758002946.839	refrigerator	362.6	282.9	5.298224458520796
1758002947.979	refrigerator	362.6	282.9	-1
1758002949.054	refrigerator	362.6	282.9	5.298224458520796
1758002950.139	refrigerator	362.6	282.9	5.298224458520796
1758002951.177	refrigerator	362.6	282.9	5.298224458520796
1758002953.266	refrigerator	362.6	282.9	5.298224458520796
1758002955.361	refrigerator	362.6	282.9	5.298224458520796
1758002957.556	refrigerator	362.6	282.9	5.298224458520796
1758002960.706	refrigerator	362.6	282.9	5.298224458520796
1758002962.811	refrigerator	362.6	282.9	5.298224458520796
1758002964.916	refrigerator	372.7	284.1	7.579660907397196
1758002967.016	chair	1819.2	409.7	-1
1758002967.016	couch	1525.8	377.4	-1
1758002969.261	chair	1818.8	411.4	-1
1758002969.261	couch	1525.4	377.2	-1
1758002972.556	chair	1822.6	407.6	-1
1758002972.556	couch	1526.8	377.4	-1
1758002974.766	chair	1747.4	483.0	-1
1758002974.766	couch	1437.4	379.2	-1
1758002977.001	couch	1562.7	376.1	-1
1758002977.001	chair	1856.7	406.7	-1
1758002979.186	couch	1622.0	371.6	-1
1758002979.186	suitcase	324.6	284.9	5.367191521779537
1758002979.186	chair	1876.5	351.3	-1
1758002981.336	couch	1622.5	371.3	-1
1758002981.336	suitcase	324.8	285.0	5.367191521779537
1758002981.336	chair	1876.5	352.1	-1
1758002984.505	couch	1622.5	371.3	-1
1758002984.505	suitcase	324.8	285.0	5.367191521779537
1758002984.505	chair	1876.5	352.1	-1
1758002986.600	couch	1622.5	371.3	-1
1758002986.600	suitcase	324.8	285.0	5.367191521779537
1758002986.600	chair	1876.5	352.1	-1
1758002988.735	bed	1619.6	371.5	-1
1758002990.930	couch	1783.5	377.1	-1
1758002990.930	chair	161.6	393.2	-1
1758002993.045	chair	288.8	403.8	-1
1758002993.045	chair	299.5	375.3	-1
1758002996.285	couch	1681.3	374.9	-1
1758002996.285	chair	51.9	400.3	-1
1758002998.405	chair	1755.3	434.3	-1
1758002998.405	couch	1447.7	379.6	-1
1758002998.405	umbrella	1874.2	284.9	2.7227426708934415
1758003000.630	couch	1680.5	382.6	-1
1758003000.630	chair	110.0	479.8	-1
1758003000.630	chair	106.4	390.9	-1
1758003000.630	tv	1384.2	290.6	-1
1758003002.840	chair	450.6	483.6	-1
1758003002.840	couch	51.0	391.7	-1
1758003005.185	couch	1668.2	384.9	-1
1758003005.185	tv	1358.7	289.7	2.560559334225764
1758003005.185	chair	117.6	448.1	-1
1758003007.390	couch	1661.4	384.4	-1
1758003007.390	chair	75.0	377.7	-1
1758003007.390	bed	1662.6	382.3	-1
1758003010.735	bed	1667.8	372.7	-1
1758003010.735	couch	1668.6	373.3	-1
1758003012.895	person	13.3	394.6	-1
1758003012.895	couch	1641.4	369.0	-1
1758003014.978	person	13.3	394.6	-1
1758003014.978	couch	1641.4	369.0	-1
1758003017.123	person	13.3	394.6	-1
1758003017.123	couch	1641.4	369.0	-1
1758003020.273	person	13.3	394.6	-1
1758003020.273	couch	1641.4	369.0	-1
1758003022.453	person	13.3	394.4	-1
1758003022.453	couch	1642.3	369.5	-1
1758003026.663	couch	1158.4	377.1	-1
1758003026.663	refrigerator	1678.8	309.1	3.5443333788062006
1758003029.088	chair	1536.5	378.6	-1
1758003032.498	chair	1770.9	402.0	-1
1758003032.498	couch	1524.8	368.4	-1
1758003032.498	umbrella	1874.3	290.3	2.712490615097888
1758003034.888	refrigerator	649.1	314.3	-1
1758003034.888	couch	1623.5	374.5	-1
1758003034.888	chair	1871.5	362.3	-1
1758003034.888	person	13.2	413.7	-1
1758003034.888	stop sign	184.5	317.1	1.299798933464438
1758003034.888	chair	1872.9	414.7	-1
1758003037.023	couch	1623.3	373.1	-1
1758003037.023	chair	1873.0	414.1	-1
1758003037.023	umbrella	180.6	317.0	1.3103391873815924
1758003037.023	airplane	180.1	316.2	1.2998543399200817
1758003037.023	person	12.8	410.8	-1
1758003039.334	couch	1623.4	373.5	-1
1758003039.334	person	13.8	411.9	-1
1758003039.334	chair	1873.5	414.3	-1
1758003039.334	refrigerator	647.2	315.6	-1
1758003039.334	chair	1872.0	364.3	-1
1758003039.334	umbrella	183.7	316.7	1.0598254300346708
1758003041.488	chair	1890.3	424.5	-1
1758003041.488	couch	1652.1	375.6	-1
1758003043.797	chair	203.3	485.3	-1
1758003043.797	couch	1715.0	385.9	-1
1758003043.797	tv	1422.1	295.5	-1
1758003046.072	couch	1626.6	384.4	-1
1758003046.072	chair	110.9	373.9	-1
1758003049.322	chair	1715.4	421.3	-1
1758003049.322	couch	1358.0	390.1	-1
1758003049.322	umbrella	1839.6	295.1	2.7738151526734587
1758003049.322	tv	1014.1	287.6	2.238920636964345
1758003051.727	couch	1324.0	392.0	-1
1758003051.727	chair	1690.5	405.4	-1
1758003051.727	refrigerator	180.7	310.2	-1
1758003051.727	tv	941.2	283.2	2.230373411008031
1758003051.727	clock	1377.1	41.4	-1
1758003054.117	couch	1192.0	389.7	-1
1758003054.117	refrigerator	63.3	307.5	2.7218160537307248
1758003054.117	chair	1550.5	404.7	-1
1758003054.117	tv	816.9	292.3	2.4710100558566976
1758003056.467	couch	910.5	379.8	-1
1758003056.467	chair	1222.3	400.0	-1
1758003056.467	airplane	1586.2	280.4	2.8790555107575138
1758003058.797	tv	264.8	292.8	3.2006174858646093
1758003058.797	chair	951.9	405.9	-1
1758003058.797	couch	608.6	390.5	-1
1758003061.052	chair	1047.9	391.8	-1
1758003061.052	bed	762.3	376.5	-1
1758003063.507	bed	818.3	373.7	-1
1758003065.882	bed	818.2	373.7	-1
1758003068.272	bed	818.2	373.7	-1
1758003070.563	bed	818.2	373.7	-1
1758003072.978	couch	811.8	376.7	-1
1758003072.978	chair	1100.1	390.9	-1
1758003076.491	couch	385.1	381.3	-1
1758003076.491	chair	703.4	376.5	-1
1758003076.491	chair	706.5	417.3	-1
1758003078.811	chair	923.7	392.5	-1
1758003078.811	couch	630.7	379.0	-1
1758003081.076	chair	1025.2	381.2	-1
1758003081.076	bed	757.4	374.3	-1
1758003081.076	couch	758.3	375.5	-1
1758003083.366	bed	757.1	374.3	-1
1758003083.366	chair	1026.7	360.4	-1
1758003083.366	chair	1025.0	381.2	-1
1758003085.741	bed	754.2	372.6	-1
1758003085.741	chair	1029.5	362.1	-1
1758003088.106	chair	1032.2	381.6	-1
1758003088.106	bed	764.7	373.1	-1
1758003090.306	chair	1032.2	382.1	-1
1758003090.306	bed	762.2	372.7	-1
1758003092.736	couch	916.3	385.0	-1
1758003092.736	chair	1249.4	376.8	-1
1758003092.736	refrigerator	1619.0	307.4	3.0107720657360835
1758003095.236	couch	1006.1	389.5	-1
1758003095.236	chair	1353.3	397.9	-1
1758003095.236	chair	1007.3	390.1	-1
1758003095.236	tv	628.5	281.4	4.778706706322465
1758003097.741	couch	803.3	381.7	-1
1758003097.741	chair	1121.8	397.1	-1
1758003100.231	chair	848.7	423.3	-1
1758003100.231	couch	491.9	389.9	-1
1758003100.231	tv	153.8	287.6	1.543068899223885
1758003100.231	bed	492.2	392.2	-1
1758003102.641	couch	647.9	389.0	-1
1758003102.641	chair	1061.1	464.6	-1
1758003106.200	chair	938.6	383.8	-1
1758003106.200	couch	604.7	385.8	-1
1758003106.200	tv	265.2	291.6	3.0753243496249203
1758003106.200	refrigerator	1791.0	281.5	2.961566748549996
1758003106.200	bed	604.7	387.6	-1
1758003108.385	couch	509.3	383.6	-1
1758003108.385	chair	831.9	385.5	-1
1758003108.385	tv	171.0	287.0	2.3419663350222772
1758003108.385	bed	509.6	380.8	-1
1758003110.595	bed	579.3	384.9	-1
1758003110.595	couch	578.9	384.9	-1
1758003110.595	chair	912.5	420.4	-1
1758003110.595	chair	908.7	380.9	-1
1758003110.595	tv	256.8	289.9	3.2504945331739856
1758003112.835	bed	707.9	371.3	-1
1758003112.835	chair	978.6	386.8	-1
1758003112.835	couch	708.7	371.9	-1
1758003123.545	couch	833.3	377.5	-1
1758003123.545	chair	1115.0	389.4	-1
1758003123.545	bed	831.8	377.2	-1
1758003123.545	chair	1116.4	365.3	-1
1758003124.710	chair	1024.6	373.9	-1
1758003124.710	refrigerator	1373.3	281.1	2.5412712306813683
1758003124.710	bed	759.7	373.3	-1
1758003126.955	bed	772.0	372.7	-1
1758003131.810	couch	958.7	380.1	-1
1758003131.810	refrigerator	1588.1	306.2	2.8304099879604574
1758003131.810	chair	1253.3	387.0	-1
1758003451.975	chair	726.8	393.2	-1
1758003451.975	couch	403.3	385.7	-1
1758003451.975	refrigerator	1106.1	305.0	-1
1758003451.975	bed	404.6	382.3	-1
1758003453.150	chair	726.8	393.2	-1
1758003453.150	couch	403.3	385.7	-1
1758003453.150	refrigerator	1106.1	305.0	-1
1758003453.150	bed	404.6	382.3	-1
1758003454.205	chair	726.8	393.2	-1
1758003454.205	couch	403.3	385.7	-1
1758003454.205	refrigerator	1106.1	305.0	-1
1758003454.205	bed	404.6	382.3	-1
1758003455.350	chair	726.8	393.2	-1
1758003455.350	couch	403.3	385.7	-1
1758003455.350	refrigerator	1106.1	305.0	-1
1758003455.350	bed	404.6	382.3	-1
1758003456.400	chair	726.8	393.2	-1
1758003456.400	couch	403.3	385.7	-1
1758003456.400	refrigerator	1106.1	305.0	-1
1758003456.400	bed	404.6	382.3	-1
1758003457.595	chair	726.8	393.2	-1
1758003457.595	couch	403.3	385.7	-1
1758003457.595	refrigerator	1106.1	305.0	-1
1758003457.595	bed	404.6	382.3	-1
1758003458.645	chair	726.8	393.2	-1
1758003458.645	couch	403.3	385.7	-1
1758003458.645	refrigerator	1106.1	305.0	-1
1758003458.645	bed	404.6	382.3	-1
1758003459.755	chair	726.8	393.2	-1
1758003459.755	couch	403.3	385.7	-1
1758003459.755	refrigerator	1106.1	305.0	-1
1758003459.755	bed	404.6	382.3	-1
1758003462.100	chair	726.8	393.2	-1
1758003462.100	couch	403.3	385.7	-1
1758003462.100	refrigerator	1106.1	305.0	-1
1758003462.100	bed	404.6	382.3	-1
1758003464.218	chair	726.8	393.2	-1
1758003464.218	couch	403.3	385.7	-1
1758003464.218	refrigerator	1106.1	305.0	-1
1758003464.218	bed	404.6	382.3	-1
1758003466.633	chair	726.8	393.2	-1
1758003466.633	couch	403.3	385.7	-1
1758003466.633	refrigerator	1106.1	305.0	-1
1758003466.633	bed	404.6	382.3	-1
1758003468.826	chair	726.8	393.2	-1
1758003468.826	couch	403.3	385.7	-1
1758003468.826	refrigerator	1106.1	305.0	-1
1758003468.826	bed	404.6	382.3	-1
1758003471.222	chair	726.8	393.2	-1
1758003471.222	couch	403.3	385.7	-1
1758003471.222	refrigerator	1106.1	305.0	-1
1758003471.222	bed	404.6	382.3	-1
1758003473.512	chair	726.8	393.2	-1
1758003473.512	couch	403.3	385.7	-1
1758003473.512	refrigerator	1106.1	305.0	1.3673920048587629
1758003473.512	bed	404.6	382.3	-1
1758003475.847	chair	726.8	393.2	-1
1758003475.847	couch	403.3	385.7	-1
1758003475.847	refrigerator	1106.1	305.0	1.2155787565764995
1758003475.847	bed	404.6	382.3	-1
1758003478.172	chair	726.8	393.2	-1
1758003478.172	couch	403.3	385.7	-1
1758003478.172	refrigerator	1106.1	305.0	1.1128055801709142
1758003478.172	bed	404.6	382.3	-1
1758003480.352	chair	726.8	393.2	-1
1758003480.352	couch	403.3	385.7	-1
1758003480.352	refrigerator	1106.1	305.0	1.1415311109894377
1758003480.352	bed	404.6	382.3	-1
1758003482.812	chair	726.8	393.2	-1
1758003482.812	couch	403.3	385.7	-1
1758003482.812	refrigerator	1106.1	305.0	1.1415311109894377
1758003482.812	bed	404.6	382.3	-1
1758003485.077	couch	509.6	382.9	-1
1758003485.077	tv	165.5	288.2	-1
1758003485.077	chair	835.9	395.8	-1
1758003485.077	refrigerator	1807.0	309.1	-1
1758003487.442	chair	972.4	432.7	1.1596751198017723
1758003487.442	couch	614.4	389.5	-1
1758003487.442	umbrella	1382.4	282.9	-1
1758003487.442	clock	493.7	80.5	-1
1758003487.442	tv	289.7	293.1	-1
1758003489.807	couch	689.6	380.7	-1
1758003489.807	chair	1012.7	411.2	1.1553140729068974
1758003489.807	tv	361.2	291.0	-1
1758003489.807	bed	689.8	379.6	-1
1758003492.172	chair	998.2	392.1	0.8160287467561069
1758003492.172	couch	738.4	372.3	-1
1758003492.172	chair	1002.4	362.2	0.8656990789910437
1758003494.396	chair	998.0	392.2	0.7387128926409993
1758003494.396	chair	1002.2	363.4	0.7696757255900017
1758003494.396	couch	738.1	372.1	-1
1758003496.796	chair	998.0	392.2	1.1661722891012494
1758003496.796	chair	1002.2	363.4	0.9853259487339066
1758003496.796	couch	738.1	372.1	-1
1758003499.076	chair	998.0	392.2	1.6528021431830584
1758003499.076	chair	1002.2	363.4	1.7052731185564967
1758003499.076	couch	738.1	372.1	-1
1758003501.496	chair	1003.6	395.8	1.5718714247708414
1758003501.496	couch	719.3	374.8	-1
1758003503.836	couch	489.2	373.9	-1
1758003506.096	bed	341.4	372.9	-1
1758003506.096	chair	630.0	376.5	-1
1758003508.346	chair	778.4	405.8	-1
1758003510.666	chair	648.8	410.3	-1
1758003510.666	couch	376.5	373.7	-1
1758003513.096	couch	253.3	386.3	-1
1758003513.096	chair	575.6	391.0	-1
1758003513.096	refrigerator	946.5	305.7	1.924325887488599
1758003515.331	potted plant	1715.1	339.2	-1
1758003515.331	chair	557.0	383.1	-1
1758003515.331	couch	174.9	412.9	-1
1758003515.331	chair	197.8	415.8	-1
1758003515.331	potted plant	1713.8	362.9	-1
1758003517.426	chair	682.6	391.6	-1
1758003517.426	couch	327.9	396.7	-1
1758003517.426	bowl	164.1	392.1	-1
1758003517.426	chair	331.0	398.2	-1
1758003519.711	couch	465.5	387.6	-1
1758003519.711	chair	807.1	413.8	-1
1758003519.711	bed	465.0	389.1	-1
1758003519.711	tv	127.0	289.9	-1
1758003521.971	chair	1087.0	452.3	3.2996913284773317
1758003521.971	couch	690.6	389.0	-1
1758003521.971	bed	691.2	388.7	-1
1758003521.971	chair	1222.5	398.4	-1
1758003521.971	tv	373.7	291.6	-1
1758003524.473	chair	1475.0	473.9	-1
1758003524.473	couch	899.5	408.1	5.244052652889698
1758003526.873	couch	997.5	430.6	3.4735575852365987
1758003526.873	chair	1676.1	447.6	-1
1758003526.873	clock	444.9	42.6	-1
1758003528.144	couch	1195.7	442.5	-1
1758003528.144	tv	808.1	293.8	-1
1758003528.144	chair	1850.5	322.8	2.3667467090214163
1758003528.144	clock	532.9	42.3	-1
1758003530.644	tv	1072.8	282.2	1.4565339806890478
1758003530.644	clock	468.0	32.1	-1
1758003530.644	couch	1592.4	477.0	-1
1758003530.644	chair	184.4	394.3	-1
1758003530.644	potted plant	1185.3	352.1	-1
1758003533.038	couch	76.3	433.0	3.3224463861430724
1758003533.038	chair	424.5	387.7	-1
1758003533.038	tv	1431.0	273.8	-1
1758003533.038	clock	464.3	32.5	2.455912844180049
1758003533.038	couch	1851.9	423.8	3.2676087633037656
1758003533.038	chair	497.4	366.3	-1
1758003536.494	chair	344.8	389.4	-1
1758003536.494	tv	1517.8	279.3	-1
1758003536.494	bed	51.6	393.0	3.6287013025311787
1758003536.494	couch	1860.8	345.3	3.441466010695904
1758003538.768	chair	98.0	401.1	-1
1758003538.768	couch	1607.0	408.5	-1
1758003538.768	tv	1187.3	286.6	0.8583993089011456
1758003538.768	chair	202.1	374.8	-1
1758003540.978	chair	307.7	392.7	-1
1758003540.978	couch	1837.1	395.8	4.032272404794536
1758003540.978	tv	1469.2	280.7	-1
1758003543.243	couch	175.8	383.0	-1
1758003543.243	chair	481.2	396.3	-1
1758003545.489	tv	1463.6	290.7	-1
1758003545.489	couch	1828.2	390.8	3.6761513221125037
1758003545.489	chair	280.1	400.0	-1
1758003547.753	couch	172.2	381.9	-1
1758003547.753	chair	482.2	370.7	-1
1758003550.058	chair	587.3	409.3	-1
1758003550.058	tv	32.5	296.0	5.651408313877585
1758003550.058	couch	317.7	376.9	-1
1758003552.338	chair	799.0	408.7	-1
1758003554.628	bed	523.8	372.2	-1
1758003556.893	bed	525.0	372.5	-1
1758003556.893	chair	796.0	384.5	-1
1758003559.183	bed	525.0	372.5	-1
1758003559.183	chair	796.0	384.5	-1
1758003561.488	bed	525.0	372.5	-1
1758003561.488	chair	796.0	384.5	-1
1758003563.863	bed	520.0	372.7	-1
1758003563.863	chair	789.1	392.3	-1
1758003563.863	chair	789.9	358.7	-1
1758003563.863	couch	519.9	372.9	-1
